[0.35931425 0.33638055 0.36672855 0.19267483 0.60907559 0.53105277
 0.23388318 0.838083   0.99663941 0.10972652 0.1047406  0.51186368
 0.96372262 0.99093679 0.41740955 0.0043617  0.40663999 0.58581851
 0.44268707 0.18201258 0.64913587 0.59177792 0.8686677  0.56612306
 0.25840526 0.34632123 0.21614277 0.68914996 0.44336488 0.15950971
 0.82211107 0.54825931 0.49294064 0.14668559 0.39893024 0.86891647
 0.36355658 0.72995883 0.22676039 0.29834052 0.13695724 0.24708599
 0.52709199 0.33271223 0.23789642 0.57078591 0.99941458 0.06270808
 0.53962816 0.78262216 0.70552227 0.87071936 0.52401501 0.32119142
 0.01929501 0.17106878 0.68329818 0.0948916  0.92523961 0.85770076
 0.15522422 0.54797199 0.90893769 0.24791032 0.14847023 0.24445243
 0.98663088 0.89243762 0.62024545 0.88874756 0.61610082 0.27094077
 0.5832316  0.61083312 0.07224485 0.62756013 0.47134818 0.54220205
 0.64729654 0.13149517 0.23063743 0.05915182 0.57765068 0.35972395
 0.57727963 0.32596142 0.03717123 0.32530116 0.35310756 0.88772424
 0.36694908 0.91648925 0.37129944 0.05488447 0.88816195 0.99077006
 0.25962158 0.36121216 0.83645029 0.21191597 0.64724477 0.37797106
 0.23145862 0.80194607 0.72197328 0.96384652 0.81988173 0.7118261
 0.07566092 0.18334651 0.759445   0.30177096 0.41425235 0.67589699
 0.13842849 0.78235737 0.1112059  0.3116008  0.29212844 0.79379439
 0.42913814 0.89381378 0.46276699 0.51029347 0.28331973 0.17263316
 0.05846773 0.14623408 0.90877931 0.76759677 0.92662175 0.72971848
 0.09155187 0.94656821 0.72077555 0.11954458 0.23586919 0.78100988
 0.54005362 0.95089816 0.19245203 0.72716743 0.0445812  0.05091943
 0.72692349 0.45384772 0.82430388 0.57422657 0.19075621 0.23787472]