[0.0168196  0.68651429 0.88307569 0.89208488 0.3608781  0.24564779
 0.07267077 0.3290723  0.48312922 0.4656347  0.59093206 0.393859
 0.78697199 0.88912108 0.79848112 0.20567141 0.62791158 0.74021986
 0.01435887 0.11847934 0.98707234 0.83881376 0.41975057 0.94630275
 0.46204018 0.90530378 0.34221738 0.68124756 0.96726346 0.9724194
 0.28260667 0.31813822 0.7875739  0.49305289 0.94298427 0.38599463
 0.05063628 0.36480545 0.95652757 0.58709416 0.56103868 0.85261665
 0.76905318 0.84036928 0.18215017 0.45744903 0.62560262 0.02534877
 0.07044542 0.22537416 0.55947335 0.91632777 0.9881415  0.59098519
 0.02788085 0.61125725 0.27827061 0.32978903 0.20195385 0.85151943
 0.36059301 0.33715076 0.23824292 0.05699863 0.2161563  0.68925615
 0.68939766 0.72057526 0.41328738 0.20275947 0.61081912 0.3520214
 0.32394408 0.69100106 0.82644713 0.58824812 0.35610335 0.18043769
 0.5195583  0.65797114 0.98932986 0.53614343 0.67578334 0.46892057
 0.72327724 0.14934461 0.18781279 0.17783059 0.85031358 0.9321951
 0.49698056 0.08398549 0.99621462 0.6439438  0.64053075 0.03033861
 0.46253565 0.08792718 0.37732001 0.14833479 0.1766778  0.49770984
 0.77472703 0.0302193  0.65981641 0.39889504 0.11976184 0.78264872
 0.64260643 0.7288654  0.34306698 0.75094019 0.63777332 0.60964688
 0.85146226 0.58323398 0.54948386 0.94508341 0.4041591  0.85057411
 0.11790632 0.00484952 0.86336403 0.541871   0.04271849 0.38323497
 0.83405011 0.14030761 0.34219508 0.40752017 0.72317674 0.3863744
 0.06589256 0.06324449 0.14358268 0.68759643 0.16268704 0.91083692
 0.12127174 0.76558833 0.73242784 0.35744657 0.15976465 0.63001153
 0.22658903 0.2720698  0.492723   0.45143884 0.91454328 0.90956675]