[0.63210349 0.01036748 0.7732459  0.20535268 0.90844723 0.68736955
 0.13261859 0.52006036 0.72209517 0.5827961  0.98466469 0.04653914
 0.91077005 0.58457515 0.64819459 0.9961927  0.45501849 0.28042337
 0.99008245 0.93751561 0.04404767 0.15244466 0.7767068  0.28181292
 0.44000055 0.15421758 0.37419715 0.90015739 0.9479474  0.90878318
 0.41529421 0.09401663 0.84826678 0.35256804 0.12878569 0.46443898
 0.66554721 0.01520784 0.98463844 0.20448496 0.19965457 0.95003795
 0.49713063 0.90330706 0.18692784 0.91398154 0.75025617 0.55557079
 0.82244257 0.391832   0.15604379 0.40227061 0.04519198 0.03297767
 0.56963559 0.69162112 0.70091515 0.01442122 0.34077202 0.64030685
 0.85925471 0.16578056 0.6437843  0.72314485 0.37078264 0.51072481
 0.38021095 0.8250574  0.24852616 0.40607827 0.45744838 0.53300848
 0.27614498 0.38135525 0.78899586 0.78683847 0.52483301 0.53685196
 0.24469059 0.14835992 0.21928211 0.32194812 0.91497967 0.00162041
 0.20908306 0.1864769  0.42478373 0.37396079 0.49707709 0.57167694
 0.31746935 0.27018947 0.30122234 0.16410228 0.00774533 0.6790027
 0.99705563 0.18194736 0.8752323  0.40048818 0.44512071 0.67733435
 0.9745097  0.40012324 0.65436559 0.39360717 0.96127471 0.3713046
 0.7281267  0.75707472 0.67290382 0.81800486 0.74150782 0.36112593
 0.73354901 0.65264959 0.00832504 0.57492786 0.40323527 0.37919881
 0.89294552 0.04160705 0.10691787 0.1740791  0.06241647 0.04958767
 0.70534781 0.94764278 0.699749   0.44076382 0.47799194 0.42770823
 0.04393471 0.42697497 0.29558141 0.5659991  0.5319793  0.23123512
 0.90171628 0.00652538 0.42644641 0.71219309 0.13327072 0.34614137
 0.47549275 0.18369145 0.86177559 0.61694555 0.36743307 0.87977379]