[0.26783657 0.70157797 0.8359384  0.96344969 0.13350866 0.79174124
 0.03000548 0.94646114 0.37994445 0.06383243 0.49833403 0.26863961
 0.0222438  0.47727631 0.66825905 0.13480329 0.70439121 0.15458701
 0.93933886 0.02815352 0.02977624 0.63714362 0.24427298 0.76923182
 0.95103291 0.34646192 0.36754096 0.4868063  0.06361619 0.7628696
 0.52533318 0.82568326 0.0781045  0.21194698 0.25787447 0.64528784
 0.12652457 0.12411086 0.59843209 0.16481274 0.158991   0.18688884
 0.51746999 0.29645356 0.1666279  0.41093093 0.29784527 0.08065012
 0.53630742 0.73205884 0.3266662  0.6277645  0.02246444 0.56847545
 0.26462592 0.46795754 0.14168497 0.87327856 0.92163477 0.78752275
 0.45409638 0.36276783 0.84571834 0.04985085 0.03082927 0.84173797
 0.71115719 0.03838556 0.42848792 0.71412687 0.97919556 0.74299987
 0.67610449 0.33839326 0.08386804 0.45808555 0.81929489 0.52439847
 0.74047828 0.41091639 0.23768548 0.94841118 0.35050006 0.07302132
 0.48830243 0.40336425 0.91348848 0.6188198  0.38020509 0.36375329
 0.01204372 0.41158553 0.81533314 0.27148198 0.88966888 0.70082769
 0.7415166  0.02325804 0.18048414 0.77854694 0.54008371 0.75751054
 0.91849763 0.43317984 0.04652851 0.11105528 0.70831657 0.01043315
 0.58839906 0.40543335 0.72636447 0.64667409 0.23067382 0.97263236
 0.42181101 0.40623628 0.79373393 0.52503363 0.88770581 0.0722233
 0.46251681 0.33987733 0.69630299 0.48583665 0.7249967  0.15336201
 0.06890215 0.62510478 0.43353803 0.78639155 0.91915756 0.2588695
 0.2882506  0.88909981 0.81597382 0.55949513 0.7772132  0.96496656
 0.91666961 0.83747168 0.13645734 0.783216   0.59030954 0.862651
 0.53088189 0.8288046  0.71662086 0.57466695 0.54656105 0.56249037]