[0.66807014 0.41591236 0.9258803  0.23797758 0.74829185 0.62349985
 0.37196443 0.6391556  0.93115303 0.93863221 0.99333791 0.11583078
 0.85242149 0.72493722 0.11854619 0.79425089 0.80382776 0.50524608
 0.83492343 0.29683569 0.25557659 0.03471528 0.92259248 0.32936864
 0.26852538 0.60053507 0.00716237 0.06940694 0.82951595 0.64600611
 0.92721688 0.77810554 0.33585441 0.30944882 0.68089154 0.20137429
 0.37029934 0.16721821 0.74689832 0.9481787  0.38339957 0.41453861
 0.52779059 0.70536166 0.97430379 0.88990302 0.11574361 0.71317532
 0.75943504 0.27246319 0.85415809 0.89701063 0.86390372 0.15948417
 0.97414435 0.13345644 0.80226001 0.5889169  0.2177409  0.61794224
 0.79723703 0.05043009 0.89326476 0.10371826 0.32100859 0.65801965
 0.13546562 0.75013062 0.52879206 0.10304435 0.45820242 0.99965686
 0.63745261 0.24060801 0.62673394 0.71928613 0.00844666 0.50372967
 0.05487209 0.08419351 0.76394547 0.41139945 0.62624852 0.13716944
 0.72647533 0.52046945 0.40604755 0.97382449 0.57695036 0.46217476
 0.84114978 0.73460369 0.99698298 0.77628515 0.67828479 0.0881666
 0.15178743 0.4999263  0.63495556 0.81569085 0.90344447 0.68945809
 0.82877009 0.24902249 0.19666859 0.45324117 0.99433532 0.00934197
 0.44973567 0.1587311  0.75630086 0.88652483 0.90072449 0.7312967
 0.85746461 0.6133437  0.6659773  0.11164615 0.01635527 0.68531658
 0.7969285  0.5116265  0.65308775 0.12678685 0.18075227 0.5629065
 0.40129511 0.39299822 0.96061651 0.52840989 0.94828061 0.58322853
 0.08241066 0.56064223 0.84245113 0.02093252 0.138689   0.25843408
 0.79373507 0.20263693 0.62805936 0.27826954 0.37645791 0.11513436
 0.37815762 0.89714082 0.49882941 0.05697396 0.63654834 0.0117584 ]