[1.         1.         0.         0.69666196 1.         0.
 0.         1.         1.         0.         0.         1.
 0.         1.         1.         0.         0.76118244 0.
 0.         1.         0.         0.15381942 0.         1.
 1.         1.         0.         0.         0.         1.
 0.         1.         0.         0.         0.         0.700268
 1.         1.         0.         1.         1.         1.
 0.         1.         1.         0.         0.         0.
 1.         1.         0.         0.7890842  1.         1.
 1.         0.41935529 0.         1.         0.         1.
 0.         0.         0.         1.         0.6472441  0.
 0.         1.         1.         1.         0.         0.
 1.         1.         0.         1.         0.         1.
 1.         0.         1.         1.         1.         0.19370527
 1.         0.         0.         0.         0.         1.
 0.         0.         0.         1.         1.         1.
 0.         1.         0.08116932 0.         0.         0.
 1.         1.         0.         1.         0.         1.
 0.         0.16447901 0.         0.         0.         0.
 0.98476013 1.         0.84478229 0.         0.         0.
 1.         0.         0.         0.         1.         0.
 0.         0.         1.         0.         1.         0.
 0.         1.         0.89675915 1.         0.         1.
 0.95321686 1.         1.         1.         0.         0.
 0.         1.         1.         0.34135542 1.         1.        ]