[0.66665876 0.02036629 0.5477817  0.66208877 0.06608718 0.01030764
 0.30372663 0.94859648 0.07557688 0.05469317 0.76409207 0.52250586
 0.88864272 0.80364048 0.87662732 0.54947217 0.86702688 0.19990064
 0.76351901 0.92687976 0.78420628 0.34444921 0.28068938 0.57564853
 0.14987581 0.08807474 0.34377454 0.67371762 0.99949664 0.26673154
 0.02734732 0.66522173 0.27087113 0.40736489 0.04752583 0.0368012
 0.6995501  0.52338154 0.17405384 0.89211736 0.15591241 0.05600767
 0.66835841 0.09361835 0.90348397 0.17285924 0.49922269 0.69848142
 0.34903653 0.57455475 0.30037434 0.99978337 0.39984671 0.17905114
 0.10969688 0.62644676 0.9590855  0.21604149 0.42256321 0.17988115
 0.8187623  0.0813844  0.74399465 0.26280191 0.21493471 0.45067717
 0.3451487  0.97640559 0.15810013 0.23190479 0.13544228 0.49005624
 0.51533462 0.96482705 0.03970514 0.38374202 0.33748659 0.14585277
 0.11438208 0.86443585 0.09501585 0.93311698 0.17046504 0.90164284
 0.8511893  0.63469496 0.55184283 0.31235579 0.71731263 0.88368213
 0.73712856 0.12524475 0.58189538 0.62082037 0.357577   0.04020488
 0.92648713 0.40481855 0.14131229 0.60833794 0.07181601 0.44291834
 0.35123527 0.11096177 0.12173706 0.35804777 0.27975848 0.63938659
 0.8940167  0.39300068 0.57925307 0.28134338 0.45985627 0.15628749
 0.55045921 0.44948345 0.15708115 0.56812308 0.17453407 0.74712121
 0.33609371 0.33436259 0.67192875 0.91466932 0.44704775 0.96623531
 0.29007873 0.22171864 0.93689638 0.30550151 0.08206859 0.43726974
 0.11140734 0.06137514 0.71210806 0.64995454 0.698601   0.14704071
 0.26314057 0.02696729 0.3354611  0.53494579 0.1429931  0.60898967
 0.19016158 0.56909206 0.13806444 0.49073137 0.78225366 0.69656902]