[0.04686009 0.38912105 0.57851044 0.21183749 0.53210724 0.2964554
 0.78540513 0.22400285 0.14600181 0.14358594 0.08827043 0.85423198
 0.61404376 0.51825742 0.29466445 0.81772518 0.78548644 0.14820971
 0.35217814 0.40775492 0.02819502 0.56236595 0.62978123 0.11781381
 0.28538802 0.10066069 0.19125667 0.30742208 0.78526843 0.70372301
 0.54474334 0.97590223 0.87675066 0.75492052 0.9877029  0.29986415
 0.5032197  0.99419769 0.10913312 0.47586897 0.87680667 0.20572991
 0.67514043 0.06252128 0.82240522 0.45676867 0.3505006  0.42711859
 0.93135541 0.70725061 0.34938005 0.75751735 0.61707703 0.70303172
 0.99472816 0.45680941 0.03867932 0.08431447 0.15906629 0.04133573
 0.23519181 0.91277139 0.69461075 0.43033506 0.11675875 0.9634669
 0.05997123 0.78341054 0.7310665  0.29024133 0.75121867 0.01347811
 0.32777832 0.68806796 0.55245342 0.16035734 0.73446093 0.4599945
 0.23466293 0.63719842 0.34610734 0.80287061 0.26669159 0.40594874
 0.02646018 0.68244246 0.97301218 0.14758783 0.04131564 0.91212132
 0.38505135 0.84537973 0.94364876 0.76132291 0.65536251 0.30579304
 0.73751985 0.17179509 0.41588296 0.82858351 0.73479567 0.1206463
 0.74229519 0.3944776  0.71545348 0.10133047 0.46841339 0.4549092
 0.24532883 0.19445638 0.45103313 0.93197437 0.13378594 0.47510211
 0.9808082  0.6779379  0.46061495 0.24401965 0.32321203 0.67423191
 0.28608878 0.01480849 0.7240376  0.1856455  0.29152329 0.22986821
 0.74033269 0.64869396 0.81954272 0.0441968  0.0400006  0.31992665
 0.57065441 0.44315599 0.85904173 0.03123126 0.33279973 0.80017869
 0.29268579 0.82319233 0.65757737 0.19772786 0.38761508 0.60404344
 0.39719851 0.58737784 0.92170321 0.89302215 0.93809001 0.90285381]