[0.28424048 0.57259582 0.24299447 0.48471496 0.65540591 0.21229499
 0.08319351 0.60517407 0.22358036 0.22841769 0.94763514 0.11583654
 0.97412971 0.26164997 0.94219256 0.07096598 0.67405469 0.93048937
 0.17095752 0.66291648 0.2704274  0.43977473 0.23242507 0.17987838
 0.64473521 0.85446544 0.4087015  0.18118649 0.87755069 0.29809272
 0.13722343 0.83085316 0.11579021 0.08299489 0.42976782 0.9837327
 0.02782268 0.44823274 0.33190005 0.69657582 0.93157429 0.98420099
 0.50720242 0.75731956 0.3431449  0.86994277 0.23809468 0.19474855
 0.42750537 0.24900299 0.36535802 0.33907279 0.85910155 0.51274555
 0.60997387 0.18384228 0.97274527 0.43693078 0.8573427  0.45265088
 0.9772773  0.92541162 0.56622951 0.38814383 0.84926408 0.97115832
 0.67003608 0.57624136 0.29691507 0.61252329 0.80451478 0.77133741
 0.18525095 0.48868545 0.6922632  0.54600095 0.41662668 0.0021457
 0.61721817 0.09071379 0.12128191 0.19475812 0.97453588 0.83569418
 0.1904535  0.81092901 0.55879961 0.60600229 0.55377072 0.01714235
 0.53787624 0.30467606 0.97038129 0.80998384 0.18024966 0.63600856
 0.22793764 0.38566715 0.82967473 0.22080906 0.07782079 0.62151549
 0.44040682 0.63588615 0.07264031 0.56818813 0.0356142  0.2563484
 0.27322828 0.18156892 0.60117918 0.91805857 0.02955227 0.89420236
 0.46245752 0.95269049 0.89994597 0.42340363 0.62212446 0.77789009
 0.42847796 0.21654908 0.55759768 0.76057408 0.52216205 0.30069327
 0.07903008 0.11687321 0.9926216  0.13649255 0.28523613 0.89400989
 0.44507399 0.20992541 0.06025308 0.31297089 0.78060459 0.71266818
 0.50629291 0.01172425 0.67070456 0.02923174 0.70324892 0.52181187
 0.6345537  0.20240299 0.66016502 0.08165968 0.13368968 0.90756371]