[0.14325205 0.23368258 0.55225054 0.17276486 0.40586332 0.54440449
 0.50828179 0.5412303  0.02322699 0.01816711 0.01602287 0.61178627
 0.69943691 0.36835748 0.68577616 0.58187615 0.42177584 0.74796376
 0.00636318 0.59401745 0.94907549 0.62632944 0.00978062 0.35140187
 0.16807064 0.54674159 0.87308767 0.7807094  0.95122692 0.87648308
 0.24145128 0.1377615  0.87049772 0.08613705 0.49754791 0.40923862
 0.60601896 0.34788071 0.25007483 0.78774975 0.64538561 0.62998582
 0.99329796 0.52205921 0.04921029 0.23193112 0.99781112 0.03356811
 0.59707419 0.92926021 0.649968   0.47818377 0.63392363 0.54836926
 0.73096363 0.43956716 0.97252605 0.33703645 0.51163668 0.26501985
 0.7088007  0.52811852 0.21650349 0.85212435 0.38771808 0.89879661
 0.86425284 0.705436   0.91066374 0.18281408 0.58028428 0.83705538
 0.64630755 0.70843234 0.03795383 0.13403131 0.42889099 0.98053165
 0.60578016 0.67248627 0.54852134 0.22037992 0.16291677 0.94044527
 0.71963118 0.63421299 0.03731407 0.27487203 0.48831163 0.03278922
 0.85390723 0.1839574  0.13749002 0.18875732 0.21660582 0.53273605
 0.8155884  0.7604487  0.61465159 0.64771304 0.86272872 0.83698075
 0.96718324 0.22331246 0.60665053 0.9800741  0.7849482  0.45456534
 0.87078499 0.66492762 0.66009623 0.25969297 0.80162282 0.86946062
 0.05962256 0.70676933 0.08474396 0.54449218 0.80562642 0.59458695
 0.74691624 0.4422983  0.64151101 0.22829217 0.38153386 0.48196088
 0.08070401 0.29871212 0.71955377 0.4158535  0.47055726 0.6808919
 0.30266862 0.27340845 0.54214464 0.48973655 0.92149212 0.03307429
 0.62508045 0.81045333 0.19355344 0.8130864  0.21473202 0.67882616
 0.33143217 0.24576507 0.70912484 0.17026495 0.64338514 0.23404436]