[0.50038583 0.80525156 0.34184964 0.90611858 0.87682466 0.78082885
 0.7225665  0.38019413 0.38027595 0.02862142 0.74646371 0.6904053
 0.31119151 0.84262381 0.67098567 0.88167339 0.17951677 0.49834339
 0.20035364 0.55494763 0.73094804 0.93263083 0.11783629 0.88745515
 0.09313365 0.34748237 0.59965308 0.10679601 0.41153783 0.19242158
 0.28206333 0.83441964 0.0136832  0.87882295 0.43847753 0.65958061
 0.60614125 0.34647293 0.8686558  0.36418742 0.05116657 0.94254734
 0.24186662 0.11815939 0.55173421 0.97507974 0.18580575 0.63721555
 0.55890713 0.99525122 0.5371064  0.92022815 0.22930727 0.58017981
 0.40892178 0.71642171 0.6037192  0.16454927 0.44227254 0.38784641
 0.26899075 0.96150952 0.39837122 0.44345602 0.01456263 0.87660283
 0.02241733 0.00273962 0.73561626 0.63201621 0.03119294 0.82431737
 0.39432819 0.74176442 0.30062665 0.21802522 0.70567911 0.8160814
 0.5913371  0.84945189 0.72651891 0.98416391 0.78591286 0.3598695
 0.04564012 0.82620296 0.58916196 0.73843717 0.5287938  0.02464512
 0.89032498 0.61147453 0.94878294 0.57536048 0.42079578 0.25283485
 0.2738203  0.86390663 0.46691469 0.49044679 0.9669175  0.52508765
 0.74006361 0.58179057 0.90492599 0.57677572 0.68974155 0.28424486
 0.54808482 0.91153526 0.18012999 0.27940272 0.49457324 0.92546221
 0.17179718 0.29283996 0.63787819 0.45898426 0.29119183 0.98352405
 0.10590232 0.00797018 0.63535248 0.44491607 0.9245125  0.58531755
 0.23645916 0.53687309 0.5715582  0.49713581 0.63912318 0.06689438
 0.65332885 0.85827424 0.07740684 0.19107798 0.82682274 0.64047718
 0.28779942 0.15708094 0.5104939  0.7116352  0.14318626 0.64318393
 0.52713694 0.27533623 0.57141095 0.6215732  0.6924052  0.15699386]