[0.4060127  0.50109563 0.20738717 0.85050732 0.66576095 0.74217822
 0.07565047 0.43109526 0.76005833 0.31820262 0.32703959 0.73987252
 0.653992   0.39150896 0.37119123 0.67194266 0.28779263 0.17258281
 0.13368194 0.64876482 0.06154633 0.1894076  0.69100624 0.09710932
 0.65010793 0.64332015 0.64742533 0.82511479 0.3240907  0.43521531
 0.86606268 0.84381363 0.54729458 0.29068005 0.38872905 0.13734511
 0.49267052 0.55193705 0.1891162  0.22748547 0.68648548 0.92494702
 0.8663793  0.48224646 0.87555836 0.36345555 0.60061119 0.72549549
 0.1519518  0.8913827  0.30855429 0.19212218 0.80373118 0.03175467
 0.7167545  0.51873465 0.45774444 0.22031493 0.57117752 0.45700859
 0.46132767 0.16899208 0.68595211 0.81119047 0.03504672 0.34987314
 0.77245213 0.09775909 0.4075164  0.82707087 0.3715372  0.59908212
 0.71200031 0.00567882 0.17609733 0.28817083 0.37234956 0.86863552
 0.10652847 0.12030281 0.8083146  0.27225715 0.99410572 0.56236262
 0.82328757 0.33263295 0.48179164 0.28222589 0.16089249 0.51936971
 0.7948182  0.52933644 0.8421919  0.39557161 0.25924968 0.75067304
 0.0430379  0.79528303 0.19684404 0.6472759  0.48445966 0.60119498
 0.41143427 0.35628872 0.23973999 0.14000745 0.54186357 0.98734162
 0.06841263 0.32740347 0.07960355 0.28678084 0.92965119 0.58458632
 0.41817406 0.53680858 0.74573415 0.41885577 0.78154134 0.88566303
 0.18110534 0.01469284 0.73382439 0.59059079 0.32404899 0.56976665
 0.24450897 0.02040646 0.78046223 0.52095839 0.43068226 0.54114787
 0.95609516 0.02431267 0.62190809 0.05428271 0.06848192 0.61335859
 0.79243715 0.0067974  0.81979701 0.23275862 0.04254713 0.15961204
 0.25966092 0.92216448 0.03433341 0.21993769 0.24408154 0.30972056]