[0.41470336 0.57404872 0.56978926 0.77351369 0.1445621  0.14243985
 0.5350884  0.20239328 0.32052386 0.59784169 0.39729728 0.70130274
 0.31429073 0.5588608  0.85437822 0.53808654 0.22244121 0.83412088
 0.70452022 0.94776087 0.29070052 0.90041154 0.33846462 0.16755269
 0.09641939 0.18802133 0.77145182 0.15651836 0.38249279 0.36752614
 0.32868319 0.90092169 0.43431555 0.65292842 0.06578206 0.01133163
 0.04725178 0.08717039 0.37741645 0.9014852  0.20602246 0.8451825
 0.08514605 0.72750158 0.12067804 0.85904459 0.46428775 0.06621476
 0.97075305 0.73331737 0.79453488 0.90691489 0.39865162 0.64919947
 0.10989816 0.13801663 0.6847889  0.27983792 0.7073606  0.46710904
 0.46597614 0.23116913 0.50861549 0.278812   0.11911174 0.13547913
 0.17858848 0.80450407 0.36250441 0.02066926 0.70203112 0.08683624
 0.17645483 0.1344129  0.31883671 0.9360862  0.64689893 0.36941359
 0.06385909 0.8713797  0.95909414 0.28332266 0.57926481 0.33249878
 0.37447531 0.71730125 0.97454385 0.87458753 0.66221061 0.41499454
 0.42981105 0.82793499 0.15067347 0.04511614 0.30671337 0.99525634
 0.08734857 0.44704493 0.75162799 0.11436301 0.11898133 0.22060824
 0.88182663 0.17485881 0.74508461 0.21077151 0.16152268 0.97567564
 0.33451314 0.29235959 0.80096404 0.61924324 0.14839194 0.96062586
 0.79556432 0.75603467 0.49374172 0.65584594 0.81676369 0.80279794
 0.07183543 0.61174247 0.49049387 0.20070528 0.54566162 0.26384914
 0.5159197  0.4168079  0.73247869 0.51275172 0.83464016 0.57325648
 0.04193912 0.49586941 0.84103894 0.61654565 0.56892737 0.72844855
 0.5324761  0.83116791 0.06596732 0.56854813 0.69267345 0.11914152
 0.29577183 0.70510712 0.31562009 0.95157287 0.11676571 0.6778575 ]