[0.90045757 0.14378774 0.64067113 0.90740442 0.04111467 0.16874728
 0.43680535 0.38689071 0.69075306 0.54037083 0.36010258 0.97011073
 0.57755558 0.1758332  0.86587293 0.73929401 0.36463209 0.85943909
 0.39894741 0.20948802 0.84141089 0.69330036 0.3795222  0.50874291
 0.02857454 0.08385964 0.84439303 0.54998658 0.62027081 0.67017543
 0.05726021 0.54519904 0.81076318 0.14314132 0.27089101 0.0741929
 0.32843693 0.0957075  0.05366088 0.45189188 0.40611117 0.01760812
 0.44385703 0.04614336 0.01674164 0.48665225 0.1578132  0.94298085
 0.95681637 0.28066042 0.75484381 0.20602535 0.80779791 0.25069128
 0.09955153 0.44039711 0.77941797 0.62797375 0.46415928 0.53468808
 0.88195741 0.48361792 0.35209605 0.15926426 0.72226397 0.27351595
 0.49009959 0.10976089 0.08507668 0.25596565 0.37180662 0.88523804
 0.49401396 0.60088307 0.13690852 0.8688347  0.01594718 0.48214246
 0.91741148 0.92311467 0.1000435  0.02955113 0.13766582 0.55824839
 0.96817594 0.57005303 0.57393025 0.94528287 0.82052474 0.78354021
 0.11520002 0.3534137  0.39455314 0.27314364 0.84841647 0.71478506
 0.1883671  0.54715963 0.69249477 0.32929795 0.81579187 0.77503136
 0.24262449 0.39570314 0.69545677 0.55841179 0.22763685 0.1197891
 0.17096822 0.35491347 0.22366269 0.55592735 0.97557868 0.40071788
 0.00241519 0.68553026 0.7144698  0.60372792 0.6414192  0.89121355
 0.09199119 0.70160634 0.67547038 0.10810812 0.60779772 0.11210888
 0.98481862 0.73002385 0.39492384 0.74946178 0.27774698 0.542768
 0.45087231 0.89744812 0.96240462 0.19437797 0.81411616 0.39827263
 0.49481521 0.2097911  0.42441361 0.09896997 0.13841913 0.51607243
 0.58135475 0.53672826 0.68616813 0.6975206  0.86950489 0.87919807]