[0.70395113 0.23422316 0.17310387 0.44382472 0.38980926 0.32423933
 0.83018585 0.96150073 0.90118334 0.56505495 0.01938909 0.96969216
 0.99112271 0.34766536 0.65148905 0.79961524 0.44917972 0.99813115
 0.12962806 0.43234742 0.4821948  0.80473217 0.7618703  0.68470158
 0.76774518 0.89345565 0.6500201  0.64743649 0.26693062 0.16662882
 0.70209474 0.73055746 0.80109961 0.17875815 0.51676282 0.17413181
 0.28993236 0.81267274 0.85772342 0.23807506 0.04874904 0.24604194
 0.59600998 0.99999136 0.24250215 0.13677075 0.28504048 0.74925568
 0.68400777 0.76561467 0.23891583 0.27391621 0.44741791 0.57308726
 0.29161837 0.08172108 0.04393703 0.86749148 0.74818251 0.1491568
 0.45293971 0.96987855 0.44335263 0.66125609 0.71494376 0.0081636
 0.58073367 0.11556178 0.6731203  0.19002628 0.22011552 0.01870537
 0.52450298 0.65321674 0.3169865  0.10443299 0.01535413 0.90937017
 0.50662181 0.06889714 0.04677384 0.1016602  0.14686833 0.13153925
 0.76355443 0.30040792 0.23109779 0.4937404  0.29878859 0.92259589
 0.53940335 0.26966987 0.74224824 0.84803219 0.86835181 0.10324154
 0.66935225 0.14511274 0.46726657 0.54089723 0.16139167 0.59786153
 0.94050768 0.7851355  0.26959715 0.8237857  0.47632129 0.62152424
 0.8171007  0.14554177 0.7689651  0.4654789  0.87004983 0.19979084
 0.13052985 0.72486248 0.21187391 0.41826442 0.45653904 0.05549528
 0.90530645 0.897279   0.52273391 0.8761841  0.78919884 0.54414992
 0.34655811 0.29385717 0.11543453 0.83728192 0.41204748 0.89840925
 0.38412497 0.31788058 0.00818886 0.03402479 0.35677325 0.91380161
 0.21902199 0.47816521 0.61762813 0.25534833 0.21989441 0.91221296
 0.37886614 0.08888374 0.84094786 0.79351125 0.88096455 0.60621031]