[0.4282485  0.90374049 0.2897009  0.05307679 0.0631581  0.14773861
 0.90613509 0.49309373 0.45530557 0.92186892 0.82091477 0.96714682
 0.54789545 0.21836248 0.67782334 0.41875029 0.80482681 0.3948305
 0.90033167 0.27762105 0.29463466 0.21069473 0.44082844 0.9430033
 0.89462056 0.3800537  0.27920774 0.61432644 0.17939449 0.10796434
 0.90738319 0.74133336 0.06598993 0.63319205 0.316195   0.47036048
 0.33696456 0.11567333 0.11697714 0.58930305 0.15691572 0.10644342
 0.8028565  0.79257222 0.18891933 0.92770237 0.34963784 0.01698305
 0.30671635 0.4235659  0.65411434 0.38799881 0.75206446 0.6253283
 0.87339615 0.94497112 0.42438483 0.02543209 0.77599022 0.09778313
 0.52573121 0.79479353 0.04443399 0.7137145  0.11676156 0.4855342
 0.21598465 0.11787612 0.77355426 0.67504941 0.01028627 0.48365157
 0.47987569 0.70693754 0.81315619 0.00851279 0.13469688 0.47897561
 0.79307747 0.67672726 0.9455112  0.80625411 0.71266434 0.71484766
 0.98195704 0.09826233 0.91780344 0.33015016 0.35901822 0.76926132
 0.94434713 0.78663747 0.70262086 0.06743135 0.10093565 0.21487746
 0.49006435 0.22389388 0.32568241 0.32834362 0.46420929 0.02939321
 0.56321759 0.58923955 0.86136637 0.54108562 0.06902609 0.52766083
 0.68394113 0.84166793 0.48145322 0.21541165 0.56375637 0.42454393
 0.47047668 0.81749324 0.43396814 0.84320763 0.1611226  0.32293308
 0.40021713 0.47789183 0.20220915 0.35414346 0.67710983 0.91975643
 0.00172124 0.41449419 0.98379647 0.29663416 0.74391327 0.66679744
 0.55005668 0.51454563 0.56158558 0.95133713 0.48161319 0.93941827
 0.91741801 0.91641488 0.95162093 0.96586598 0.14193613 0.88975938
 0.74219774 0.3972868  0.28011544 0.77985374 0.59969328 0.89202551]