[0.51772244 0.25115147 0.13914465 0.68667117 0.71997822 0.67252083
 0.3008876  0.94416579 0.39500227 0.20878352 0.3052298  0.96272015
 0.65862221 0.62286065 0.58310662 0.74499896 0.25528998 0.36564407
 0.63964708 0.21999471 0.58881184 0.67558187 0.4979341  0.8577016
 0.62678082 0.67279539 0.89208705 0.76515247 0.39896761 0.5513812
 0.16079259 0.64897708 0.43370195 0.18577519 0.6891262  0.86784678
 0.72374916 0.98679617 0.85431657 0.07256595 0.90245218 0.48396343
 0.56905659 0.86325623 0.85203399 0.39354873 0.59188498 0.86277772
 0.23929823 0.40434082 0.82482482 0.98532814 0.73061334 0.75452062
 0.81243556 0.67354229 0.13936648 0.51667039 0.01790446 0.81480768
 0.40927747 0.34986434 0.10728187 0.74653556 0.24642281 0.44303726
 0.79147468 0.13433646 0.46172424 0.27818932 0.5258072  0.45764223
 0.67016099 0.72585973 0.29996994 0.43430699 0.59638365 0.93684228
 0.1725372  0.97352004 0.62587116 0.88062166 0.61466877 0.19706053
 0.81011986 0.15022401 0.76392892 0.66998044 0.19422356 0.47548664
 0.04579976 0.60046642 0.83065749 0.51578842 0.47808618 0.70914719
 0.53648214 0.11367545 0.73902725 0.98674236 0.9942491  0.58853168
 0.26658367 0.34415995 0.03365721 0.06359745 0.19303728 0.91248669
 0.99589626 0.06197687 0.32762809 0.35715696 0.14328254 0.99166486
 0.64356814 0.5389801  0.52260203 0.6805045  0.06282152 0.86989495
 0.98883887 0.26332197 0.16362696 0.86986371 0.35526507 0.41966432
 0.78513935 0.93437121 0.43279107 0.6830649  0.13561009 0.27880523
 0.51517628 0.92401238 0.24968188 0.89449282 0.16572699 0.90228221
 0.68115645 0.17155998 0.32448262 0.3866768  0.63420151 0.89235545
 0.64751158 0.11623388 0.25637504 0.8705207  0.61835515 0.88237228]