[0.86915586 0.77814374 0.559624   0.1576694  0.93436201 0.99279575
 0.29376014 0.5472539  0.65866967 0.79427283 0.29387674 0.12556074
 0.0755878  0.05001357 0.32298708 0.94275078 0.00215958 0.02187873
 0.32368523 0.29832334 0.14880151 0.98896707 0.22109624 0.32102838
 0.65596356 0.89527648 0.97654037 0.53308207 0.13524663 0.28787015
 0.5339142  0.47862517 0.28491736 0.51917606 0.89049053 0.74688878
 0.36738911 0.0519998  0.44851971 0.4639688  0.03911021 0.80761286
 0.83343758 0.57154251 0.3650744  0.40699915 0.96973783 0.05144385
 0.86501425 0.39022937 0.82852355 0.00905187 0.19205155 0.94551915
 0.03543876 0.14864949 0.27182717 0.1325907  0.1231606  0.25533338
 0.38481343 0.42673199 0.23520379 0.84906208 0.17665448 0.87086145
 0.44687521 0.25299438 0.57618487 0.90756063 0.5695645  0.70485262
 0.75885549 0.07097855 0.70443457 0.62065338 0.81625808 0.41211767
 0.19373162 0.63218037 0.4914972  0.19363897 0.16630178 0.93608664
 0.80878411 0.30047097 0.55181947 0.76374161 0.35624972 0.26004297
 0.13515629 0.96091617 0.50372811 0.91088758 0.21396935 0.60340644
 0.98993112 0.84173229 0.13337301 0.23947633 0.85559266 0.27927283
 0.40809004 0.56006572 0.03171651 0.03054167 0.06220205 0.42553205
 0.61989924 0.01435747 0.33263262 0.59165706 0.03340537 0.33545466
 0.39764269 0.35972522 0.75415731 0.20089445 0.20142423 0.51905397
 0.39674663 0.05676209 0.60174852 0.9933391  0.65586728 0.30736372
 0.78280918 0.5175614  0.50250344 0.85059931 0.45806704 0.93341963
 0.06786646 0.8023131  0.03313439 0.72420565 0.2485908  0.7241597
 0.06925976 0.82252844 0.29373006 0.51659773 0.4893695  0.16437673
 0.2307413  0.0733811  0.36576971 0.60384736 0.83451552 0.22483253]