[4.13157362e-01 3.76586935e-01 5.90869861e-01 3.57638482e-01
 1.09439435e-01 9.50566820e-01 5.43649392e-01 3.12850582e-01
 3.36227258e-01 7.03491915e-01 2.27182375e-02 1.53036165e-02
 7.75697581e-01 1.37667098e-01 1.94816287e-01 9.56530046e-02
 5.84651343e-01 3.28123857e-02 5.75590902e-01 4.76117785e-01
 8.64379891e-01 6.76854450e-01 1.06675748e-01 6.62720166e-01
 6.37321072e-01 5.04797141e-01 1.29626241e-01 5.27609783e-01
 4.43518958e-01 7.01635582e-01 3.08902930e-01 4.67648909e-01
 5.49520711e-01 3.38435435e-01 2.14807084e-01 9.36588551e-01
 3.40514377e-01 1.59135163e-01 1.04817307e-01 5.97253312e-01
 1.94724754e-01 5.71320194e-01 5.28169846e-01 1.29456243e-01
 1.55260206e-01 6.59993116e-01 5.49699826e-02 9.63533447e-01
 6.75547029e-01 4.97553132e-01 9.30693513e-03 4.56624876e-01
 7.86401677e-01 4.33116854e-01 8.65160910e-01 1.16985399e-01
 5.01421911e-01 1.85107693e-01 8.44395938e-01 5.21334864e-01
 8.95302730e-01 2.43717446e-01 9.38723890e-01 3.49821903e-01
 2.58724748e-01 2.15132858e-01 2.43478354e-01 3.42307915e-01
 1.28365706e-01 6.33159370e-01 7.09667574e-01 7.32660739e-01
 8.79470633e-01 7.16966676e-01 4.84609609e-01 7.65376294e-01
 9.88054616e-01 1.94134533e-01 6.02749219e-01 1.50556660e-01
 8.00720538e-02 1.49653444e-01 9.91472450e-01 1.27575821e-02
 3.16134787e-01 3.25274221e-01 3.22080162e-01 6.62382321e-01
 7.32157255e-01 1.35027167e-01 8.44321298e-01 2.25610979e-01
 2.00769919e-01 5.23174092e-01 5.89070177e-01 7.42659980e-01
 4.95604067e-01 4.34651510e-01 6.96740599e-01 3.91794064e-01
 2.30702420e-03 8.47269432e-01 5.05665497e-01 7.85237288e-01
 7.33602358e-01 7.69542553e-02 4.82224532e-01 4.37449921e-01
 5.10606810e-01 6.29864313e-01 6.13663728e-01 1.54452383e-01
 2.40631408e-01 7.88579989e-01 6.59666655e-01 2.61566135e-01
 2.22226763e-01 9.49071360e-01 6.33699524e-01 2.32834735e-01
 2.28034647e-01 8.72675009e-01 9.39920914e-01 9.37833321e-01
 1.23156456e-01 3.14022693e-01 2.93336349e-01 9.98400587e-01
 4.42442352e-01 8.31515931e-01 8.62646073e-01 8.03623451e-01
 6.30834861e-01 2.96227024e-01 6.44060748e-01 1.11454236e-01
 7.46636557e-04 3.94527976e-01 5.10272455e-01 6.26411499e-03
 7.25303798e-01 6.78858639e-01 6.63026974e-01 1.61891860e-01
 8.76134368e-02 3.00529342e-01 8.73250649e-01 6.31759428e-01
 9.61286360e-01 8.35672644e-01]