[0.55848077 0.17911962 0.66948408 0.60193321 0.63100523 0.06171468
 0.60513027 0.05411479 0.11418056 0.1097845  0.51832319 0.47152926
 0.59955627 0.63843119 0.10718728 0.98391052 0.13642936 0.10570388
 0.0760796  0.38143166 0.80320064 0.40704811 0.69527185 0.78643832
 0.44584432 0.19197161 0.65523509 0.2069583  0.40764175 0.62966827
 0.35601054 0.71802218 0.40334727 0.98897433 0.99550828 0.03030756
 0.48857764 0.96474849 0.65282737 0.11010036 0.41445205 0.01534112
 0.74228004 0.40531937 0.98656184 0.40162369 0.41335493 0.66597049
 0.82975611 0.18740715 0.0670499  0.19643349 0.14199812 0.65501053
 0.06366781 0.20445907 0.89154163 0.56184846 0.84484898 0.26955673
 0.33581611 0.26804986 0.60212238 0.96741576 0.44556557 0.38157831
 0.84507014 0.65122849 0.13610446 0.80067269 0.84395624 0.29820855
 0.93087422 0.96166556 0.66724957 0.77034868 0.45796839 0.49710638
 0.89740486 0.85230956 0.33681217 0.55519629 0.47383409 0.86051771
 0.82963798 0.421455   0.20318299 0.40034734 0.65402982 0.53192888
 0.34353541 0.5661505  0.44532214 0.27894118 0.9761726  0.84419748
 0.36239181 0.52965002 0.81779689 0.40288535 0.8541614  0.0989296
 0.81293532 0.23580334 0.53874129 0.05136976 0.04667824 0.93667476
 0.97686754 0.17457125 0.23028857 0.083893   0.96036049 0.04900734
 0.60806376 0.73314214 0.88225544 0.92040978 0.53176152 0.18682771
 0.69537189 0.30511273 0.68396562 0.38674309 0.99536171 0.42220946
 0.86288464 0.38392648 0.23816311 0.97529309 0.45800157 0.62982906
 0.44964374 0.25171403 0.98232246 0.04695943 0.4206573  0.5649141
 0.5957643  0.71015431 0.24663956 0.48758054 0.30576948 0.08246797
 0.37449018 0.52100963 0.76403776 0.0581419  0.27897175 0.21701504]