[0.24045428 0.60853308 0.65953753 0.65991826 0.11987325 0.95048438
 0.25695841 0.78024531 0.07948323 0.36644643 0.6109153  0.04269609
 0.58233072 0.44295425 0.85687298 0.1843039  0.39447828 0.06032642
 0.69310951 0.22767733 0.66327139 0.75727746 0.47107148 0.57315569
 0.59031323 0.88147403 0.23709573 0.59353491 0.86422926 0.33909385
 0.42005809 0.19556796 0.84710874 0.51324288 0.19761258 0.18130681
 0.82059403 0.55475636 0.54667547 0.46514618 0.22969468 0.58314917
 0.97903351 0.41353081 0.49818947 0.41119333 0.76193752 0.61124442
 0.89404836 0.01126918 0.24739553 0.67958292 0.73654101 0.53921007
 0.21369609 0.98110942 0.65993028 0.95346793 0.41027725 0.78375508
 0.29912737 0.00611516 0.35964589 0.88750692 0.48703822 0.06367544
 0.51870235 0.63044144 0.19314185 0.02321322 0.20053443 0.77551109
 0.28155716 0.6064039  0.95577406 0.51628554 0.52678674 0.81013389
 0.70882579 0.26024741 0.42599945 0.98789904 0.21002186 0.65796545
 0.79528807 0.27157681 0.93574251 0.42361341 0.60272295 0.22806634
 0.9575567  0.07603641 0.32519678 0.17954486 0.03796444 0.70669025
 0.95948025 0.811882   0.06417311 0.47513744 0.69890904 0.72613932
 0.12367031 0.64940537 0.61150019 0.05592848 0.42052708 0.52399415
 0.31273815 0.36357222 0.16108306 0.17409126 0.63993562 0.06534813
 0.81938012 0.76672548 0.77131248 0.11129992 0.58270958 0.95534653
 0.76889065 0.30827204 0.75451502 0.88182337 0.50621643 0.73585812
 0.44643839 0.65873471 0.80131575 0.72351983 0.1474431  0.91667147
 0.11498878 0.09904947 0.83333116 0.70250254 0.25687328 0.94153523
 0.19364655 0.82644734 0.9792302  0.0157676  0.2977755  0.47362728
 0.10661419 0.56272491 0.68991209 0.19429279 0.20173115 0.66237725]