[0.45999291 0.90669014 0.09418385 0.63288363 0.26618735 0.91643881
 0.12752522 0.06860335 0.67240224 0.20241484 0.48187971 0.23734097
 0.79273499 0.34534865 0.95398742 0.60029367 0.39208187 0.63853467
 0.88145468 0.20234081 0.59767815 0.42463806 0.20096037 0.16213611
 0.48710644 0.0351809  0.41048892 0.85917214 0.39654584 0.24211183
 0.93656427 0.75471024 0.99456138 0.11499102 0.15946003 0.70052617
 0.52394767 0.17455635 0.43706506 0.69771249 0.51372345 0.71110848
 0.29225131 0.3521109  0.30919581 0.72357498 0.16462211 0.2289223
 0.14468874 0.19582296 0.50504403 0.27227016 0.24306367 0.34522337
 0.98948642 0.69905378 0.50246296 0.68018744 0.91743177 0.81615476
 0.95730016 0.81342153 0.29910928 0.32215805 0.67671025 0.04443205
 0.71346168 0.47163787 0.63987647 0.5062049  0.16569109 0.41445833
 0.87967723 0.86108242 0.41440257 0.66806395 0.75674188 0.80659288
 0.67402561 0.30650564 0.19003356 0.22870141 0.18591361 0.27044247
 0.74701816 0.09696865 0.26322057 0.53736699 0.90397274 0.82642738
 0.80032185 0.01415035 0.96422122 0.83669399 0.60528752 0.2655972
 0.64459028 0.73117875 0.04492682 0.98400934 0.98023664 0.40789039
 0.62348961 0.33529793 0.14083108 0.95193033 0.89187659 0.65073223
 0.76899523 0.9969787  0.68648693 0.39580953 0.0498417  0.3910602
 0.76688463 0.98650328 0.86998449 0.10524299 0.26542497 0.86794071
 0.9637869  0.46114937 0.23199956 0.73336418 0.95348558 0.38185654
 0.16842478 0.16629719 0.61254035 0.99501286 0.97474464 0.26405338
 0.95567256 0.27995769 0.31021371 0.82003843 0.97262498 0.10001234
 0.70418846 0.84184932 0.24766922 0.02801898 0.21503441 0.93155145
 0.94496673 0.53719326 0.00345981 0.79686828 0.21611518 0.84149399]