[0.55237203 0.48943104 0.96242596 0.63120754 0.20647142 0.30754762
 0.88925421 0.44468407 0.24717435 0.89825686 0.25883817 0.57868149
 0.99542189 0.58460667 0.37784542 0.71165485 0.05372633 0.26210187
 0.03781223 0.12985602 0.92811915 0.99789124 0.86330373 0.41103952
 0.75740369 0.65502874 0.46119388 0.58387416 0.8797684  0.10527173
 0.02017903 0.99740305 0.76757416 0.0911515  0.08928115 0.12988076
 0.07862813 0.84005632 0.03326835 0.78698616 0.2219391  0.78745117
 0.27294388 0.96025965 0.56519078 0.65654963 0.49260098 0.54319536
 0.77028746 0.65057095 0.85295594 0.25292544 0.37327248 0.32973761
 0.74003849 0.95354058 0.79845585 0.31114825 0.02741247 0.23194096
 0.32077088 0.90320183 0.50145596 0.78238007 0.64955443 0.40994717
 0.03691585 0.44272335 0.72360445 0.07364635 0.43009786 0.43403878
 0.71456608 0.43252566 0.64405162 0.37004725 0.91995473 0.75594024
 0.06186936 0.51040573 0.6334563  0.04979976 0.30838717 0.56940057
 0.26832551 0.01981266 0.23538205 0.40685396 0.62595075 0.97802612
 0.79994609 0.72736462 0.56434543 0.93863801 0.09678852 0.19394509
 0.67818949 0.3303212  0.70892154 0.19357013 0.70483592 0.15120917
 0.9601028  0.47018387 0.2772979  0.48697879 0.13577041 0.75699072
 0.6843885  0.96052617 0.07215693 0.18109609 0.42785582 0.39903683
 0.46894725 0.29247518 0.82837763 0.39898536 0.88119861 0.8968143
 0.31539647 0.79936395 0.02363979 0.56809032 0.78558188 0.91967408
 0.03723843 0.37871819 0.49523495 0.32750411 0.6528379  0.96301163
 0.7862463  0.19217334 0.56232236 0.19613475 0.22747765 0.66550167
 0.462547   0.08670889 0.2308462  0.95663371 0.4625171  0.15130889
 0.98139416 0.70044134 0.7644127  0.97850341 0.48451309 0.4215588 ]