[0.39565918 0.58159867 0.36615903 0.29453708 0.25102471 0.41460218
 0.0214207  0.69925528 0.44922618 0.44966952 0.23871193 0.89334463
 0.12338177 0.1316206  0.16555163 0.17495987 0.68043368 0.602707
 0.75153466 0.73814057 0.08778601 0.98480603 0.40018959 0.60519938
 0.23147432 0.74621055 0.72265535 0.93097041 0.84231173 0.99623619
 0.82838862 0.3494088  0.26688864 0.01015393 0.62489857 0.12274833
 0.78834936 0.45595806 0.65905123 0.97296492 0.48897121 0.50391688
 0.10736481 0.62211463 0.80734102 0.7842165  0.97884865 0.67007347
 0.97118998 0.93073145 0.8665311  0.06422121 0.02537026 0.89164438
 0.87936096 0.75393828 0.73531039 0.60209671 0.70660017 0.62272734
 0.57074092 0.42997921 0.39177733 0.83528318 0.92353705 0.2147637
 0.48174525 0.91261289 0.7692458  0.48266924 0.92265721 0.39538231
 0.35919607 0.49874346 0.62218108 0.90007486 0.54211306 0.064167
 0.93786779 0.15264454 0.01162797 0.6096572  0.34969636 0.04654619
 0.74041741 0.01765055 0.71240029 0.18738691 0.78281844 0.9441702
 0.22152872 0.19435459 0.82581392 0.7795472  0.71104724 0.08370399
 0.78248447 0.20250273 0.50744582 0.19461    0.40627719 0.71681554
 0.50775258 0.27880115 0.61669403 0.51401926 0.08239273 0.97951724
 0.82341352 0.46355338 0.76890877 0.51886771 0.16890141 0.0879938
 0.9259625  0.96546716 0.89033078 0.31943987 0.27215959 0.87308941
 0.92752658 0.95282062 0.04299148 0.27991057 0.05439762 0.70997738
 0.50819476 0.65827927 0.99034157 0.73779124 0.12255054 0.91802241
 0.48019184 0.76487304 0.98005779 0.04141078 0.44964541 0.19395432
 0.11612492 0.71680582 0.30717971 0.91143645 0.53893404 0.06924988
 0.07374486 0.10372794 0.4577969  0.75362173 0.48121745 0.6183325 ]