[0.46626469 0.35414146 0.84209143 0.08560091 0.41362927 0.17169746
 0.23755397 0.78882235 0.59173832 0.68253746 0.22762246 0.87229734
 0.39693488 0.5749527  0.49683401 0.89443487 0.84014771 0.83334362
 0.59260343 0.18399599 0.26938813 0.52938301 0.40135493 0.65391388
 0.64634976 0.03170263 0.13799947 0.99591155 0.90433967 0.69146493
 0.69419164 0.73600868 0.45526098 0.35477099 0.32789572 0.85731973
 0.40923184 0.0795923  0.62726444 0.17596844 0.43903386 0.92617632
 0.6094765  0.07989737 0.27325245 0.72077775 0.92928371 0.24995555
 0.75934294 0.3175019  0.84397356 0.28387532 0.47757118 0.82909013
 0.91247561 0.18633313 0.47192675 0.73606497 0.98562394 0.96233176
 0.63611799 0.4369326  0.75155574 0.71236531 0.73586729 0.62157676
 0.62006859 0.06625487 0.88380268 0.83407134 0.46244024 0.975557
 0.90995316 0.02028823 0.57251072 0.48210872 0.607629   0.31404394
 0.97024211 0.84328582 0.19142935 0.38268169 0.801238   0.07714972
 0.6939769  0.70980954 0.73267753 0.49367298 0.72543415 0.86814517
 0.80913048 0.65464128 0.27435018 0.24204221 0.9153964  0.23493884
 0.47957992 0.466048   0.4402488  0.09924775 0.67924409 0.6427864
 0.3581332  0.85968215 0.15631355 0.97473217 0.642376   0.15419337
 0.78312813 0.27940046 0.24313715 0.61122154 0.34279926 0.08784917
 0.22582936 0.0947915  0.96276519 0.47814073 0.85507753 0.91027361
 0.87470972 0.14556483 0.31941203 0.90788724 0.27763723 0.79654736
 0.3822487  0.51214804 0.83392134 0.54023606 0.02596437 0.51011042
 0.28702397 0.63678786 0.46292877 0.3949693  0.12295671 0.5589223
 0.00447577 0.13081184 0.58729557 0.98947531 0.8508708  0.15316367
 0.77900159 0.61107363 0.52378733 0.44268192 0.21514081 0.32422308]