[0.55923514 0.32421607 0.43796162 0.7833894  0.2560855  0.63835936
 0.43390944 0.21076609 0.56924696 0.04470698 0.91707558 0.95130705
 0.72370163 0.45879921 0.32331399 0.70615417 0.51441673 0.86159671
 0.68285138 0.57005569 0.38199187 0.65628333 0.02524972 0.4479996
 0.02150398 0.45316895 0.24508106 0.93797099 0.02420166 0.29462243
 0.45824416 0.53501314 0.56479848 0.71323967 0.58178539 0.08033383
 0.01495193 0.36331643 0.90587208 0.23112357 0.73705374 0.03247568
 0.57306267 0.38501252 0.41229551 0.95536635 0.05636962 0.95297837
 0.97927534 0.74862813 0.0353347  0.08013053 0.736942   0.90978835
 0.9955082  0.44867741 0.149828   0.65361577 0.2515057  0.9511194
 0.23812392 0.47564402 0.71122843 0.88391759 0.80957698 0.9796736
 0.20291064 0.4540891  0.73286873 0.0481178  0.95938772 0.0429334
 0.82336534 0.62889505 0.25943841 0.83297176 0.71718975 0.95915315
 0.42637559 0.19153554 0.46515909 0.89698259 0.70158195 0.96095007
 0.77271584 0.14774592 0.49880658 0.15826383 0.91282269 0.11542186
 0.81768397 0.27011595 0.72309153 0.04093857 0.1819169  0.48958456
 0.71908557 0.6196583  0.13948892 0.69557882 0.78002521 0.76123496
 0.93880697 0.11838919 0.02430735 0.44551887 0.78373383 0.78650226
 0.62431072 0.07001917 0.8076811  0.04302308 0.14186704 0.25949714
 0.31506499 0.78509148 0.46358081 0.81437336 0.08164222 0.9557716
 0.36984399 0.40298109 0.13675007 0.69184538 0.65381505 0.39342475
 0.13848677 0.35848037 0.22026162 0.44753154 0.81270583 0.79531777
 0.01324297 0.72037587 0.85229198 0.38427104 0.56079593 0.30878427
 0.32350972 0.38324894 0.50012506 0.2455891  0.1024636  0.53470274
 0.94174986 0.40017034 0.85997404 0.18547904 0.36604521 0.75729844]